3.46858 0.0205861 -0.679804
-0.267614 2.94863 -1.93084
-3.47691 -0.0755422 -0.639581
-1.52441 2.78199 -1.56588
-1.23379 -3.05109 -1.28983
2.0576 2.59736 -1.22027
-2.47045 -2.51984 -0.232432
0.691597 1.39604 3.16998
2.96429 1.44876 1.26131
2.2106 1.09977 2.53695
3.21526 -1.28861 0.699935
-0.00425235 0.216066 3.51794
3.40961 0.185952 0.900213
-3.17085 1.28577 -0.881223
-2.36635 -1.91271 -1.8041
2.18562 2.73027 0.509735
-1.87167 2.98868 -0.247858
3.12308 1.58937 -0.46132
-0.312168 -2.39657 -2.57581
-2.8536 2.08016 0.144758
2.53188 -0.95101 -2.27492
1.27892 -1.81173 -2.75244
-1.76991 -1.41167 2.71284
-2.75317 0.33356 2.1835
1.70767 -1.79805 2.51456
-1.46328 -1.22164 -2.97457
0.0635877 -0.977939 -3.3942
-0.504731 -2.96539 1.85126
-1.44314 3.01434 1.14032
0.609137 -1.06101 3.31574
-0.434392 2.20497 2.7265
-0.436782 -1.97617 2.90033
1.73292 0.124719 -3.07855
-2.52563 1.91437 1.56093
-2.96666 -0.614481 -1.81968
1.77648 -2.61556 -1.57832
-2.9605 -1.06593 1.60386
0.649709 -3.46707 0.162353
-1.12264 1.21295 -3.12496
2.02249 -0.30216 2.8834
-2.06504 -2.48604 1.42294
0.391149 -3.25203 -1.33282
-3.30918 -1.22542 0.19195
1.44633 2.48926 2.04986
-2.36448 1.56646 -2.10424
-2.17485 0.111218 -2.78454
2.42894 -2.22904 1.27009
0.731756 3.29454 -1.04676
-1.44474 -0.0390116 3.22265
-1.00292 -3.37195 0.319153
0.265155 0.451602 -3.4985
0.295092 2.00111 -2.89669
0.99711 -2.99407 1.59298
-1.62717 1.49381 2.75915
2.88371 0.65793 -1.93095
1.75633 1.75009 -2.51719
2.997 -1.62936 -0.918443
-0.0515238 3.15486 1.58335
2.12623 -2.82146 -0.0744445
0.789857 3.41979 0.404122
