0 1
100 1.0001
200 1.0004
300 1.00089
400 1.00158
500 1.00248
600 1.00356
700 1.00485
800 1.00634
900 1.00802
1000 1.0099
1100 1.01198
1200 1.01426
1300 1.01673
1400 1.0194
1500 1.02228
1600 1.02534
1700 1.02861
1800 1.03208
1900 1.03574
2000 1.0396
2100 1.04366
2200 1.04792
2300 1.05237
2400 1.05702
2500 1.06188
2600 1.06692
2700 1.07217
2800 1.07762
2900 1.08326
3000 1.0891
3100 1.09514
3200 1.10138
3300 1.10781
3400 1.11444
3500 1.12128
3600 1.1283
3700 1.13553
3800 1.14296
3900 1.15058
4000 1.1584
4100 1.16642
4200 1.17464
4300 1.18305
4400 1.19166
4500 1.20047
4600 1.20948
4700 1.21869
4800 1.2281
4900 1.2377
5000 1.2475
5100 1.2575
5200 1.2677
5300 1.27809
5400 1.28868
5500 1.29947
5600 1.31046
5700 1.32165
5800 1.33304
5900 1.34462
6000 1.3564
6100 1.36838
6200 1.38056
6300 1.39293
6400 1.4055
6500 1.41827
6600 1.43124
6700 1.44441
6800 1.45778
6900 1.47134
7000 1.4851
7100 1.49906
7200 1.51322
7300 1.52757
7400 1.54212
7500 1.55688
7600 1.57182
7700 1.58697
7800 1.60232
7900 1.61786
8000 1.6336
8100 1.64954
8200 1.66568
8300 1.68201
8400 1.69854
8500 1.71528
8600 1.7322
8700 1.74933
8800 1.76666
8900 1.78418
9000 1.8019
9100 1.81982
9200 1.83794
9300 1.85625
9400 1.87476
9500 1.89348
9600 1.91238
9700 1.93149
9800 1.9508
9900 1.9703
10000 1.99
10100 2.0099
10200 2.03
10300 2.05029
10400 2.07078
10500 2.09147
10600 2.11236
10700 2.13345
10800 2.15474
10900 2.17622
11000 2.1979
11100 2.21978
11200 2.24186
11300 2.26413
11400 2.2866
11500 2.30927
11600 2.33214
11700 2.35521
11800 2.37848
11900 2.40194
12000 2.4256
12100 2.44946
12200 2.47352
12300 2.49777
12400 2.52222
12500 2.54688
12600 2.57172
12700 2.59677
12800 2.62202
12900 2.64746
13000 2.6731
13100 2.69894
13200 2.72498
13300 2.75121
13400 2.77764
13500 2.80428
13600 2.8311
13700 2.85813
13800 2.88536
13900 2.91278
14000 2.9404
14100 2.96822
14200 2.99624
14300 3.02445
14400 3.05286
14500 3.08147
14600 3.11028
14700 3.13929
14800 3.1685
14900 3.1979
15000 3.2275
15100 3.2573
15200 3.2873
15300 3.31749
15400 3.34788
15500 3.37848
15600 3.40926
15700 3.44025
15800 3.47144
15900 3.50282
16000 3.5344
16100 3.56618
16200 3.59816
16300 3.63033
16400 3.6627
16500 3.69528
16600 3.72804
16700 3.76101
16800 3.79418
16900 3.82754
17000 3.8611
17100 3.89486
17200 3.92882
17300 3.96297
17400 3.99732
17500 4.03187
17600 4.06662
17700 4.10157
17800 4.13672
17900 4.17206
18000 4.2076
18100 4.24334
18200 4.27928
18300 4.31541
18400 4.35174
18500 4.38828
18600 4.425
18700 4.46193
18800 4.49906
18900 4.53638
19000 4.5739
19100 4.61162
19200 4.64954
19300 4.68765
19400 4.72596
19500 4.76448
19600 4.80318
19700 4.84209
19800 4.8812
19900 4.9205
20000 4.96
20100 4.9997
20200 5.0396
20300 5.07969
20400 5.11998
20500 5.16047
20600 5.20116
20700 5.24205
20800 5.28314
20900 5.32442
21000 5.3659
21100 5.40758
21200 5.44946
21300 5.49153
21400 5.5338
21500 5.57627
21600 5.61894
21700 5.66181
21800 5.70488
21900 5.74814
22000 5.7916
22100 5.83526
22200 5.87912
22300 5.92317
22400 5.96742
22500 6.01188
22600 6.05652
22700 6.10137
22800 6.14642
22900 6.19166
23000 6.2371
23100 6.28274
23200 6.32858
23300 6.37461
23400 6.42084
23500 6.46727
23600 6.5139
23700 6.56073
23800 6.60776
23900 6.65498
24000 6.7024
24100 6.75002
24200 6.79784
24300 6.84585
24400 6.89406
24500 6.94247
24600 6.99108
24700 7.03989
24800 7.0889
24900 7.1381
25000 7.1875
25100 7.2371
25200 7.2869
25300 7.33689
25400 7.38708
25500 7.43748
25600 7.48806
25700 7.53885
25800 7.58984
25900 7.64102
26000 7.6924
26100 7.74398
26200 7.79576
26300 7.84773
26400 7.8999
26500 7.95228
26600 8.00484
26700 8.05761
26800 8.11058
26900 8.16374
27000 8.2171
27100 8.27066
27200 8.32442
27300 8.37837
27400 8.43252
27500 8.48688
27600 8.54142
27700 8.59617
27800 8.65112
27900 8.70626
28000 8.7616
28100 8.81714
28200 8.87288
28300 8.92881
28400 8.98494
28500 9.04127
28600 9.0978
28700 9.15453
28800 9.21146
28900 9.26858
29000 9.3259
29100 9.38342
29200 9.44114
29300 9.49905
29400 9.55716
29500 9.61547
29600 9.67398
29700 9.73269
29800 9.7916
29900 9.8507
30000 9.91
30100 9.9695
30200 10.0292
30300 10.0891
30400 10.1492
30500 10.2095
30600 10.27
30700 10.3307
30800 10.3915
30900 10.4526
31000 10.5139
31100 10.5754
31200 10.6371
31300 10.6989
31400 10.761
31500 10.8233
31600 10.8857
31700 10.9484
31800 11.0113
31900 11.0743
32000 11.1376
32100 11.2011
32200 11.2647
32300 11.3286
32400 11.3926
32500 11.4569
32600 11.5213
32700 11.586
32800 11.6508
32900 11.7159
33000 11.7811
33100 11.8465
33200 11.9122
33300 11.978
33400 12.044
33500 12.1103
33600 12.1767
33700 12.2433
33800 12.3102
33900 12.3772
34000 12.4444
34100 12.5118
34200 12.5794
34300 12.6473
34400 12.7153
34500 12.7835
34600 12.8519
34700 12.9205
34800 12.9893
34900 13.0583
35000 13.1275
35100 13.1969
35200 13.2665
35300 13.3363
35400 13.4063
35500 13.4765
35600 13.5469
35700 13.6175
35800 13.6882
35900 13.7592
36000 13.8304
36100 13.9018
36200 13.9734
36300 14.0451
36400 14.1171
36500 14.1893
36600 14.2616
36700 14.3342
36800 14.407
36900 14.4799
37000 14.5531
37100 14.6265
37200 14.7
37300 14.7738
37400 14.8477
37500 14.9219
37600 14.9962
37700 15.0708
37800 15.1455
37900 15.2205
38000 15.2956
38100 15.3709
38200 15.4465
38300 15.5222
38400 15.5981
38500 15.6743
38600 15.7506
38700 15.8271
38800 15.9039
38900 15.9808
39000 16.0579
39100 16.1352
39200 16.2127
39300 16.2905
39400 16.3684
39500 16.4465
39600 16.5248
39700 16.6033
39800 16.682
39900 16.7609
40000 16.84
40100 16.9193
40200 16.9988
40300 17.0785
40400 17.1584
40500 17.2385
40600 17.3188
40700 17.3993
40800 17.4799
40900 17.5608
41000 17.6419
41100 17.7232
41200 17.8047
41300 17.8863
41400 17.9682
41500 18.0503
41600 18.1325
41700 18.215
41800 18.2977
41900 18.3805
42000 18.4636
42100 18.5469
42200 18.6303
42300 18.714
42400 18.7978
42500 18.8819
42600 18.9661
42700 19.0506
42800 19.1352
42900 19.2201
43000 19.3051
43100 19.3903
43200 19.4758
43300 19.5614
43400 19.6472
43500 19.7333
43600 19.8195
43700 19.9059
43800 19.9926
43900 20.0794
44000 20.1664
44100 20.2536
44200 20.341
44300 20.4287
44400 20.5165
44500 20.6045
44600 20.6927
44700 20.7811
44800 20.8697
44900 20.9585
45000 21.0475
45100 21.1367
45200 21.2261
45300 21.3157
45400 21.4055
45500 21.4955
45600 21.5857
45700 21.6761
45800 21.7666
45900 21.8574
46000 21.9484
46100 22.0396
46200 22.131
46300 22.2225
46400 22.3143
46500 22.4063
46600 22.4984
46700 22.5908
46800 22.6834
46900 22.7761
47000 22.8691
47100 22.9623
47200 23.0556
47300 23.1492
47400 23.2429
47500 23.3369
47600 23.431
47700 23.5254
47800 23.6199
47900 23.7147
48000 23.8096
48100 23.9047
48200 24.0001
48300 24.0956
48400 24.1913
48500 24.2873
48600 24.3834
48700 24.4797
48800 24.5763
48900 24.673
49000 24.7699
49100 24.867
49200 24.9643
49300 25.0619
49400 25.1596
49500 25.2575
49600 25.3556
49700 25.4539
49800 25.5524
49900 25.6511
50000 25.75
50100 25.8491
50200 25.9484
50300 26.0479
50400 26.1476
50500 26.2475
50600 26.3476
50700 26.4479
50800 26.5483
50900 26.649
51000 26.7499
51100 26.851
51200 26.9523
51300 27.0537
51400 27.1554
51500 27.2573
51600 27.3593
51700 27.4616
51800 27.5641
51900 27.6667
52000 27.7696
52100 27.8727
52200 27.9759
52300 28.0794
52400 28.183
52500 28.2869
52600 28.3909
52700 28.4952
52800 28.5996
52900 28.7043
53000 28.8091
53100 28.9141
53200 29.0194
53300 29.1248
53400 29.2304
53500 29.3363
53600 29.4423
53700 29.5485
53800 29.655
53900 29.7616
54000 29.8684
54100 29.9754
54200 30.0826
54300 30.1901
54400 30.2977
54500 30.4055
54600 30.5135
