0 4240.41
100 -215.212
200 -282.023
300 -307.253
400 -305.981
500 -312.534
600 -300.386
700 -304.464
800 -307.386
900 -307.463
1000 -308.057
1100 -310.082
1200 -305.04
1300 -302.073
1400 -294.687
1500 -298.221
1600 -319.284
1700 -281.118
1800 -303.005
1900 -311.483
2000 -314.098
2100 -296.913
2200 -307.211
2300 -311.787
2400 -307.662
2500 -328.779
2600 -299.29
2700 -301.574
2800 -310.23
2900 -315.112
3000 -314.318
3100 -297.558
3200 -320.027
3300 -311.592
3400 -313.658
3500 -306.375
3600 -311.681
3700 -322.8
3800 -308.111
3900 -306.071
4000 -307.035
4100 -309.719
4200 -304.501
4300 -323.802
4400 -313.721
4500 -308.94
4600 -303.28
4700 -305.376
4800 -308.57
4900 -312.032
5000 -324.968
5100 -301.736
5200 -305.454
5300 -319.035
5400 -311.95
5500 -321.553
5600 -328.174
5700 -329.912
5800 -325.96
5900 -316.081
6000 -328.277
6100 -317.314
6200 -319.657
6300 -333.35
6400 -314.507
6500 -309.668
6600 -314.166
6700 -336.821
6800 -318.731
6900 -326.211
7000 -326.984
7100 -331.303
7200 -325.504
7300 -319.271
7400 -337.201
7500 -321.418
7600 -311.453
7700 -336.025
7800 -328.788
7900 -313.964
8000 -319.284
8100 -322.156
8200 -310.569
8300 -311.116
8400 -318.222
8500 -318.924
8600 -336.625
8700 -330.68
8800 -331.039
8900 -320.053
9000 -319.393
9100 -322
9200 -329.544
9300 -319.909
9400 -347.474
9500 -328.185
9600 -321.957
9700 -335.183
9800 -323.726
9900 -324.377
10000 -323.393
10100 -324.837
10200 -323.161
10300 -328.166
10400 -334.558
10500 -347.981
10600 -338.645
10700 -338.058
10800 -336.23
10900 -335.089
11000 -337.021
11100 -332.575
11200 -334.47
11300 -346.191
11400 -327.657
11500 -351.287
11600 -338.668
11700 -348.442
11800 -345.572
11900 -339.511
12000 -337.532
12100 -344.455
12200 -330.403
12300 -349.321
12400 -344.879
12500 -344.926
12600 -341.63
12700 -348.961
12800 -345.117
12900 -336.284
13000 -342.353
13100 -345.27
13200 -335.161
13300 -324.318
13400 -337.835
13500 -330.478
13600 -346.089
13700 -333.085
13800 -340.027
13900 -344.273
14000 -339.801
14100 -345.404
14200 -340.898
14300 -336.093
14400 -341.546
14500 -350.94
14600 -353.769
14700 -347.773
14800 -345.802
14900 -342.618
15000 -341.224
15100 -341.549
15200 -343.666
15300 -340.219
15400 -336.701
15500 -340.264
15600 -339.353
15700 -338.645
15800 -338.447
15900 -334.32
16000 -353.887
16100 -354.113
16200 -356.117
16300 -347.467
16400 -356.316
16500 -352.912
16600 -352.576
16700 -350.449
16800 -342.555
16900 -350.766
17000 -346.517
17100 -344.911
17200 -350.437
17300 -349.947
17400 -350.999
17500 -349.512
17600 -347.772
17700 -346.385
17800 -346.837
17900 -352.825
18000 -347.535
18100 -350.17
18200 -356.078
18300 -354.702
18400 -349.328
18500 -349.881
18600 -346.995
18700 -345.195
18800 -351.428
18900 -349.212
19000 -350.819
19100 -355.173
19200 -351.787
19300 -362.418
19400 -360.242
19500 -365.831
19600 -364.623
19700 -365.074
19800 -351.233
19900 -354.334
20000 -353.886
20100 -350.412
20200 -352.233
20300 -352.486
20400 -353.701
20500 -359.576
20600 -361.987
20700 -360.537
20800 -367.77
20900 -357.706
21000 -366.375
21100 -365.494
21200 -361.573
21300 -367.05
21400 -358.501
21500 -365.96
21600 -356.772
21700 -361.944
21800 -364.755
21900 -360.793
22000 -364.462
22100 -363.862
22200 -363.061
22300 -354.715
22400 -359.883
22500 -356.07
22600 -358.485
22700 -351.607
22800 -356.937
22900 -357.038
23000 -356.572
23100 -351.88
23200 -355.109
23300 -358.084
23400 -358.493
23500 -362.766
23600 -359.052
23700 -363.752
23800 -363.997
23900 -363.116
24000 -367.58
24100 -360.46
24200 -363.359
24300 -363.372
24400 -360.188
24500 -367.216
24600 -367.048
24700 -364.491
24800 -361.262
24900 -357.271
25000 -362.871
25100 -365.032
25200 -366.17
25300 -363.154
25400 -361.854
25500 -366.55
25600 -366.645
25700 -364.86
25800 -363.918
25900 -361.591
26000 -360.461
26100 -364.211
26200 -360.182
26300 -357.456
26400 -361.003
26500 -362.415
26600 -362.39
26700 -359.268
26800 -359.946
26900 -360.586
27000 -363.163
27100 -362.979
27200 -362.14
27300 -362.15
27400 -368.555
27500 -363.305
27600 -366.001
27700 -363.663
27800 -363.029
27900 -359.504
28000 -363.724
28100 -365.208
28200 -361.836
28300 -366.476
28400 -363.026
28500 -366.015
28600 -361.266
28700 -362.896
28800 -362.668
28900 -365.62
29000 -362.804
29100 -362.247
29200 -362.234
29300 -365.098
29400 -362.152
29500 -365.332
29600 -361.592
29700 -366.387
29800 -363.591
29900 -365.205
30000 -363.804
30100 -360.969
30200 -362.882
30300 -364.021
30400 -362.048
30500 -362.95
30600 -362.642
30700 -365.013
30800 -363.852
30900 -359.711
31000 -361.873
31100 -364.161
31200 -361.999
31300 -358.397
31400 -361.593
31500 -358.007
31600 -362.025
31700 -361.191
31800 -360.332
31900 -360.75
32000 -358.855
32100 -360.473
32200 -361.872
32300 -360.468
32400 -359.918
32500 -360.78
32600 -359.653
32700 -359.035
32800 -359.812
32900 -359.573
33000 -361.466
33100 -358.442
33200 -358.802
33300 -359.63
33400 -359.299
33500 -358.955
33600 -359.907
33700 -357.362
33800 -359.41
33900 -358.008
34000 -358.561
34100 -359.792
34200 -360.358
34300 -362.417
34400 -360.742
34500 -360.152
34600 -362.322
34700 -360.351
34800 -362.813
34900 -361.33
35000 -361.29
35100 -362.701
35200 -357.827
35300 -355.459
35400 -355.201
35500 -355.474
35600 -356.287
35700 -353.304
35800 -354.561
35900 -358.029
36000 -350.158
36100 -352.46
36200 -354.909
36300 -355.246
36400 -357.144
36500 -354.058
36600 -355.503
36700 -353.58
36800 -353.126
36900 -352.891
37000 -354.954
37100 -353.43
37200 -353.093
37300 -355.329
37400 -355.218
37500 -355.293
37600 -354.54
37700 -356.676
37800 -355.399
37900 -356.402
38000 -355.407
38100 -354.824
38200 -355.435
38300 -357.374
38400 -357.524
38500 -358.077
38600 -356.028
38700 -356.507
38800 -356.299
38900 -355.22
39000 -354.53
39100 -354.825
39200 -355.836
39300 -354.675
39400 -356.368
39500 -354.616
39600 -357.525
39700 -355.35
39800 -355.86
39900 -356.318
40000 -356.036
40100 -357.763
40200 -354.945
40300 -354.692
40400 -357.242
40500 -356.219
40600 -356.021
40700 -357.093
40800 -354.691
40900 -355.358
41000 -354.973
41100 -354.608
41200 -355.684
41300 -355.438
41400 -354.804
41500 -356
41600 -356.113
41700 -354.525
41800 -355.628
41900 -357.153
42000 -355.017
42100 -355.51
42200 -356.38
42300 -355.348
42400 -355.588
42500 -357.46
42600 -357.602
42700 -356.221
42800 -357.749
42900 -357.841
43000 -356.991
43100 -357.405
43200 -357.033
43300 -355.322
43400 -356.37
43500 -356.79
43600 -355.325
43700 -357.109
43800 -356.165
43900 -356.187
44000 -357.242
44100 -355.387
44200 -357.212
44300 -355.444
44400 -354.861
44500 -354.821
44600 -355.773
44700 -355.639
44800 -355.324
44900 -356.125
45000 -354.55
45100 -353.787
45200 -354.988
45300 -355.078
45400 -355.016
45500 -354.894
45600 -355.732
45700 -356.468
45800 -357.26
45900 -355.487
46000 -356.516
46100 -355.795
46200 -355.653
46300 -355.732
46400 -354.303
46500 -355.24
46600 -356.161
46700 -356.73
46800 -356.446
46900 -356.178
47000 -356.03
47100 -356.24
47200 -357.104
47300 -356.04
47400 -355.863
47500 -356.991
47600 -356.721
47700 -356.269
47800 -355.994
47900 -355.271
48000 -355.73
48100 -354.716
48200 -361.712
48300 -362.132
48400 -362.01
48500 -362.854
48600 -364.572
48700 -363.415
48800 -363.919
48900 -364.54
49000 -364.249
49100 -364.034
49200 -364.408
49300 -364.565
49400 -361.984
49500 -362.505
49600 -362.85
49700 -362.485
49800 -362.97
49900 -362.017
50000 -363.527
50100 -362.529
50200 -363.195
50300 -363.363
50400 -362.686
50500 -363.53
50600 -363.25
50700 -363.784
50800 -362.8
50900 -363.552
51000 -364.063
51100 -363.533
51200 -363.585
51300 -362.979
51400 -363.254
51500 -364.494
51600 -363.736
51700 -364.292
51800 -363.257
51900 -363.867
52000 -363.299
52100 -363.18
52200 -362.999
52300 -362.908
52400 -363.419
52500 -364.014
52600 -364.281
52700 -363.849
52800 -362.286
52900 -363.518
53000 -362.988
53100 -362.319
53200 -362.554
53300 -362.257
53400 -363.358
53500 -363.3
53600 -362.857
53700 -362.59
53800 -362.794
53900 -362.494
54000 -363.594
54100 -363.025
54200 -363.513
54300 -363.225
54400 -363.569
54500 -363.896
54600 -363.379
