0
0
0
0
0
0
0
0
0
0
0
0
0
0
0.23808
2.0486
5.15703
4.87405
5.54821
4.77743
0.53125
0.163692
1.57303
0.758965
2.30468
2.09626
1.74363
2.58398
2.00319
2.05912
0.698053
1.239
1.08895
2.54112
2.7773
3.10641
1.75635
2.37691
1.47565
3.06143
1.66553
2.13788
2.089
1.3871
2.23634
1.56731
1.8392
1.34537
1.75824
2.08156
2.74205
2.07166
2.77569
1.99679
1.23918
2.56006
2.19892
2.04243
1.39902
1.49539
1.40967
2.31353
2.61621
2.07218
2.69986
1.466
1.86943
2.42304
1.5568
1.94643
1.66405
2.28833
2.00951
2.0317
2.24285
1.9317
1.67502
2.1568
1.94875
2.05806
0.0444376
0
0
0
0
0
0
0
0
0
0
0
0
0
0
0
0
0
0
0
