3.98721 8.97015e-06 -0.785152
3.05725 1.38384 2.2646
-1.67433 1.96049 -3.14919
3.5106 1.47037 -1.36975
-0.395112 -1.35042 3.83843
-2.88369 1.72198 -2.2994
0.154284 2.96942 -2.78656
-0.937327 -3.79506 1.10539
-2.801 2.13981 1.99786
1.51373 3.60362e-09 3.75267
3.79854 -1.44418 -0.0798573
1.26035e-12 2.92348e-25 3.95651
4.01444 1.75462e-07 0.820126
3.08848 2.545 -0.365779
-2.98936 2.7194 0.385481
1.77818 2.89486 2.18531
0.719261 3.74957 1.32889
0.984605 3.97913 -0.329541
-2.71393 -2.25321 2.02315
-1.74245 -1.69191 3.27285
2.89646 -1.51305 -2.43907
1.72021 -1.46724 -3.35769
0.654748 -3.97342 -0.637566
-0.245438 1.70114 -3.66771
2.00111 -3.43412 -0.711407
-1.83556 3.39052 1.30446
-0.248899 3.81632 -1.37707
-1.44389 3.09581 -2.20855
1.68876 2.74877 -2.44448
0.474503 2.45342 3.20177
2.96035 2.46114 1.18385
2.38493 -2.79519 1.73604
3.32187 0.0121109 -2.33071
-3.14871 0.72603 2.46339
2.04008 3.2784 -1.09357
0.631427 0.569173 -3.94592
1.8829 1.51251 3.22372
3.0732 -2.34812 -1.27975
3.48881 1.14869e-05 2.13988
2.57501 -0.665147 3.07416
-2.96299 -0.708071 2.70949
0.187646 -3.07811 2.64496
-3.60464 1.71466 -0.818465
-1.26813 -3.04699 2.33608
-0.783046 -3.86221 -0.848693
2.97222 -2.74825 0.415831
-1.89291 -3.59829 0.0274987
2.08644 -1.9571 2.86352
-2.54347 2.92741 -1.22071
2.56668 1.50552 -2.80972
2.1172 5.2892e-06 -3.51229
-0.562013 3.32616 2.27416
0.731554 -2.11635 3.38646
-2.85899 -2.81721 0.717062
0.40942 -3.97369 0.745249
-0.606598 3.97595 0.295833
1.16343 -3.46547 1.76349
-0.517307 1.42567 3.7869
0.432675 -0.935772 -3.91794
-1.52183 2.28448 3.03075
