0
0
0
0
0
0
0
0
0
0
0
0
0
2.59336
6.8787
5.05674
7.74421
1.03705
0
1.27038
1.03881
1.31004
1.25788
2.2688
3.76403
2.24403
2.40506
1.67884
2.49322
2.05304
1.97547
2.26071
2.06974
2.01396
1.96134
0.905581
2.63001
2.94166
1.84506
2.07381
1.58455
2.4928
1.92645
1.79717
1.91519
2.2652
2.22117
1.6456
1.68972
1.43614
2.39628
2.20482
2.02989
1.86578
2.34498
1.66667
2.57963
1.54558
1.76061
1.37249
1.64476
2.65621
1.47893
2.7461
1.59961
1.9547
1.65696
2.00266
1.61071
2.0466
1.91828
2.08992
2.35426
1.78759
1.67165
2.02547
1.85941
2.20386
1.63161
1.96764
0.133193
0
0
0
0
0
0
0
0
0
0
0
0
0
0
0
0
0
0
0
